42105763
42105167
42104431
42101927
42101740
42101086
42100630
42099744
42099633
42099072
42098074
42096952
42096632
42096511
42096008
42095876
42095602
42094007
42092436
42091907
42091742
42091710
42091703
42091664
42091662
42091132
42090811
42090444
42090396
42090385
42090319
42090198
42090164
42089921
42089518
42089417
42088484
42087141
42087055
42086747
42086725
42086722
42086694
42084514
42082655
42082579
42082270
42081559
42081242
42080589
42079614
42079573
42076051
42076047
42075533
42074514
42074342
42074235
42074175
42073628
42073463
42072806
42072802
42072570
42072269
42072260
42071031
42070391
42070368
42070099
42069897
42069816
42068640
42068632
42068395
42068084
42066422
42065063
42065058
42063811
42062526
42061867
42061372
42061371
42061370
42060909
42060540
42060238
42059277
42059264
42058581
42057805
42056343
42055709
42053407
42052813
42052476
42052456
42052414
42051325
42051263
42050691
42050659
42050080
42050040
42049966
42049900
42049369
42049240
42048845
42047769
42046740
42045927
42045898
42045696
42045691
42045255
42045116
42044461
42044298
42043855
42042938
42042933
42042576
42042519
42042511
42041924
42041716
42041714
42041601
42041151
42040933
42039731
42038373
42038032
42036805
42035712
42035252
42035196
42034574
42033924
42032926
42032729
42032133
42032042
42031751
42031621
42031099
42029714
42027950
42027836
42027827
42027644
42027209
42026803
42026532
42026134
42025609
42025520
42025215
42024964
42024163
42023157
42022634
42021623
42021531
42021467
42020433
42019164
42018935
42018338
42016798
42016302
42016158
42014951
42014520
42014495
42013871
42013851
42013559
42013486
42013303
42013067
42012500
42011047
42010152
42010136
42009845
42009667
42008866
42008362
42008025
42007566
42006356
42005727
42005261
42004699
42004192
42003934
42003471
42002910
42002900
42002617
42001622
42001587
42001586
42001546
42001480
42001468
42000076
41999978
41999400
41999147
41999136
41998762
41998423
41995771
41995262
41994636
41993946
41993630
41993060
41992832
41992690
41992582
41992516
41992467
41991764
41991749
41991549
41990687
41990476
41989827
41988184
41987242
41986796
41986692
41986599
41986442
41986320
41985721
41985331
41985209
41984614
41984477
41983312
41981970
41980703
41980403
41979935
41979850
41977404
41977343
41977303
41977126
41976406
41976388
41976242
41975736
41975698
41975023
41974248
41973505
41973296
41973269
41972034
41972009
41971680
41971420
41971120
41970653
41968995
41968987
41968983
41968976
41967638
41967078
41966805
41966716
41966528
41966309
41965964
41964675
41963522
41963443
41962624
41962622
41961955
41960682
41960173
41959917
41959916
41959894
41957258
41956883
41952683
41952302
41951086
41950642
41949762
41949742
41949457
41949455
41948937
41947453
41946996
41946926
41946547
41946165
41946158
41945951
41945420
41945243
41945077
41944904
41944897
41944767
41944068
41943836
41942891
41942669
41942608
41942578
41941814
41941275
41941260
41941187
41940903
41940388
41940107
41940102
41939911
41939212
41939155
41937807
41936855
41936796
41935709
41935545
41935412
41935368
41935256
41935148
41932250
41932200
41931235
41930854
41930704
41930306
41930181
41930171
41929405
41929324
41928849
41928434
41928241
41927979
41926962
41926512
41926499
41926029
41926014
41925147
41925028
41924601
41924598
41923773
41923644
41923228
41922381
41921366
41920074
41919095
41918395
41918185
41917034
41916914
41916864
41916863
41915529
41914486
41912956
41912057
41911930
41911633
41911478
41910039
41908553
41907633
41907624
41907363
41907296
41907262
41906667
41906333
41905439
41905185
41905101
41905010
41905009
41904588
41903892
41903477
41903301
41903212
41902997
41901569
41900992
41900018
41899580
41898641
41898529
41898509
41898361
41898311
41897606
41897289
41896939
41896410
41896217
41895875
41895782
41895777
41895167
41894954
41894230
41892897
41892309
41891958
41891880
41891825
41891505
41891317
41890744
41890589
41890566
41890312
41889399
41889397
41889258
41889096
41888954
41887078
41886728
41886212
41886047
41885969
41885411
41884707
41883549
41883175
41881211
41881064
41880745
41880670
41880193
41879562
41878523
41878194
41877526
41877069
41876831
41876710
41876446
41876396
41876202
41875895
41875675
41875024
41874698
41874202
41873926
41872611
41872403
41871336
41871133
41870799
41869439
41868717
41868563
41868544
41868101
41866881
41866773
41865006
41864971
41864930
41864115
41863997
41863959
41863219
41863189
41863188
41862959
41862435
41861842
41859537
41859394
41858353
41857504
